0 0 0 0.30000000000000004441 0.10000000000000000555 0.10000000000000000555
0 0 1 0.00000000000000000000 0.00000000000000000000 0.00000000000000000000
0 0 2 0.00000000000000000000 0.00000000000000000000 0.00000000000000000000
0 0 3 0.00000000000000000000 0.00000000000000000000 0.00000000000000000000
0 0 4 0.00000000000000000000 0.00000000000000000000 0.00000000000000000000
0 0 5 0.00000000000000000000 0.00000000000000000000 0.00000000000000000000
0 1 0 0.00000000000000000000 0.00000000000000000000 0.00000000000000000000
0 1 1 -0.06666666666666665186 -0.06666666666666665186 -0.03333333333333332593
0 1 2 0.00000000000000000000 0.00000000000000000000 0.00000000000000000000
0 1 3 0.00000000000000000000 0.00000000000000000000 0.00000000000000000000
0 1 4 0.00000000000000000000 0.00000000000000000000 0.00000000000000000000
0 1 5 0.00000000000000000000 0.00000000000000000000 0.00000000000000000000
0 2 0 0.00000000000000000000 0.00000000000000000000 0.00000000000000000000
0 2 1 0.00000000000000000000 0.00000000000000000000 0.00000000000000000000
0 2 2 -0.06666666666666665186 -0.03333333333333332593 -0.06666666666666665186
0 2 3 0.00000000000000000000 0.00000000000000000000 0.00000000000000000000
0 2 4 0.00000000000000000000 0.00000000000000000000 0.00000000000000000000
0 2 5 0.00000000000000000000 0.00000000000000000000 0.00000000000000000000
0 3 0 0.10000000000000000555 -0.06666666666666665186 -0.03333333333333332593
0 3 1 0.46666666666666672958 0.10000000000000000555 0.10000000000000000555
0 3 2 0.00000000000000000000 0.00000000000000000000 0.00000000000000000000
0 3 3 0.00000000000000000000 0.00000000000000000000 0.00000000000000000000
0 3 4 0.00000000000000000000 0.00000000000000000000 0.00000000000000000000
0 3 5 0.00000000000000000000 0.00000000000000000000 0.00000000000000000000
0 4 0 0.00000000000000000000 0.00000000000000000000 0.00000000000000000000
0 4 1 0.10000000000000000555 -0.03333333333333332593 -0.06666666666666665186
0 4 2 0.10000000000000000555 -0.06666666666666665186 -0.03333333333333332593
0 4 3 0.00000000000000000000 0.00000000000000000000 0.00000000000000000000
0 4 4 0.00000000000000000000 0.00000000000000000000 0.00000000000000000000
0 4 5 0.00000000000000000000 0.00000000000000000000 0.00000000000000000000
0 5 0 0.10000000000000000555 -0.03333333333333332593 -0.06666666666666665186
0 5 1 0.00000000000000000000 0.00000000000000000000 0.00000000000000000000
0 5 2 0.46666666666666672958 0.10000000000000000555 0.10000000000000000555
0 5 3 0.00000000000000000000 0.00000000000000000000 0.00000000000000000000
0 5 4 0.00000000000000000000 0.00000000000000000000 0.00000000000000000000
0 5 5 0.00000000000000000000 0.00000000000000000000 0.00000000000000000000
1 0 0 0.00000000000000000000 0.00000000000000000000 0.00000000000000000000
1 0 1 -0.06666666666666665186 -0.06666666666666665186 -0.03333333333333332593
1 0 2 0.00000000000000000000 0.00000000000000000000 0.00000000000000000000
1 0 3 0.00000000000000000000 0.00000000000000000000 0.00000000000000000000
1 0 4 0.00000000000000000000 0.00000000000000000000 0.00000000000000000000
1 0 5 0.00000000000000000000 0.00000000000000000000 0.00000000000000000000
1 1 0 0.00000000000000000000 0.00000000000000000000 0.00000000000000000000
1 1 1 0.00000000000000000000 0.00000000000000000000 0.00000000000000000000
1 1 2 0.00000000000000000000 0.00000000000000000000 0.00000000000000000000
1 1 3 0.10000000000000000555 0.30000000000000004441 0.10000000000000000555
1 1 4 0.00000000000000000000 0.00000000000000000000 0.00000000000000000000
1 1 5 0.00000000000000000000 0.00000000000000000000 0.00000000000000000000
1 2 0 0.00000000000000000000 0.00000000000000000000 0.00000000000000000000
1 2 1 0.00000000000000000000 0.00000000000000000000 0.00000000000000000000
1 2 2 0.00000000000000000000 0.00000000000000000000 0.00000000000000000000
1 2 3 0.00000000000000000000 0.00000000000000000000 0.00000000000000000000
1 2 4 -0.03333333333333332593 -0.06666666666666665186 -0.06666666666666665186
1 2 5 0.00000000000000000000 0.00000000000000000000 0.00000000000000000000
1 3 0 0.00000000000000000000 0.00000000000000000000 0.00000000000000000000
1 3 1 0.10000000000000000555 0.46666666666666672958 0.10000000000000000555
1 3 2 0.00000000000000000000 0.00000000000000000000 0.00000000000000000000
1 3 3 -0.06666666666666665186 0.10000000000000000555 -0.03333333333333332593
1 3 4 0.00000000000000000000 0.00000000000000000000 0.00000000000000000000
1 3 5 0.00000000000000000000 0.00000000000000000000 0.00000000000000000000
1 4 0 0.00000000000000000000 0.00000000000000000000 0.00000000000000000000
1 4 1 0.00000000000000000000 0.00000000000000000000 0.00000000000000000000
1 4 2 0.00000000000000000000 0.00000000000000000000 0.00000000000000000000
1 4 3 -0.03333333333333332593 0.10000000000000000555 -0.06666666666666665186
1 4 4 0.10000000000000000555 0.46666666666666672958 0.10000000000000000555
1 4 5 0.00000000000000000000 0.00000000000000000000 0.00000000000000000000
1 5 0 0.00000000000000000000 0.00000000000000000000 0.00000000000000000000
1 5 1 -0.03333333333333332593 0.10000000000000000555 -0.06666666666666665186
1 5 2 0.00000000000000000000 0.00000000000000000000 0.00000000000000000000
1 5 3 0.00000000000000000000 0.00000000000000000000 0.00000000000000000000
1 5 4 -0.06666666666666665186 0.10000000000000000555 -0.03333333333333332593
1 5 5 0.00000000000000000000 0.00000000000000000000 0.00000000000000000000
2 0 0 0.00000000000000000000 0.00000000000000000000 0.00000000000000000000
2 0 1 0.00000000000000000000 0.00000000000000000000 0.00000000000000000000
2 0 2 -0.06666666666666665186 -0.03333333333333332593 -0.06666666666666665186
2 0 3 0.00000000000000000000 0.00000000000000000000 0.00000000000000000000
2 0 4 0.00000000000000000000 0.00000000000000000000 0.00000000000000000000
2 0 5 0.00000000000000000000 0.00000000000000000000 0.00000000000000000000
2 1 0 0.00000000000000000000 0.00000000000000000000 0.00000000000000000000
2 1 1 0.00000000000000000000 0.00000000000000000000 0.00000000000000000000
2 1 2 0.00000000000000000000 0.00000000000000000000 0.00000000000000000000
2 1 3 0.00000000000000000000 0.00000000000000000000 0.00000000000000000000
2 1 4 -0.03333333333333332593 -0.06666666666666665186 -0.06666666666666665186
2 1 5 0.00000000000000000000 0.00000000000000000000 0.00000000000000000000
2 2 0 0.00000000000000000000 0.00000000000000000000 0.00000000000000000000
2 2 1 0.00000000000000000000 0.00000000000000000000 0.00000000000000000000
2 2 2 0.00000000000000000000 0.00000000000000000000 0.00000000000000000000
2 2 3 0.00000000000000000000 0.00000000000000000000 0.00000000000000000000
2 2 4 0.00000000000000000000 0.00000000000000000000 0.00000000000000000000
2 2 5 0.10000000000000000555 0.10000000000000000555 0.30000000000000004441
2 3 0 0.00000000000000000000 0.00000000000000000000 0.00000000000000000000
2 3 1 0.00000000000000000000 0.00000000000000000000 0.00000000000000000000
2 3 2 -0.03333333333333332593 -0.06666666666666665186 0.10000000000000000555
2 3 3 0.00000000000000000000 0.00000000000000000000 0.00000000000000000000
2 3 4 -0.06666666666666665186 -0.03333333333333332593 0.10000000000000000555
2 3 5 0.00000000000000000000 0.00000000000000000000 0.00000000000000000000
2 4 0 0.00000000000000000000 0.00000000000000000000 0.00000000000000000000
2 4 1 0.00000000000000000000 0.00000000000000000000 0.00000000000000000000
2 4 2 0.00000000000000000000 0.00000000000000000000 0.00000000000000000000
2 4 3 0.00000000000000000000 0.00000000000000000000 0.00000000000000000000
2 4 4 0.10000000000000000555 0.10000000000000000555 0.46666666666666672958
2 4 5 -0.03333333333333332593 -0.06666666666666665186 0.10000000000000000555
2 5 0 0.00000000000000000000 0.00000000000000000000 0.00000000000000000000
2 5 1 0.00000000000000000000 0.00000000000000000000 0.00000000000000000000
2 5 2 0.10000000000000000555 0.10000000000000000555 0.46666666666666672958
2 5 3 0.00000000000000000000 0.00000000000000000000 0.00000000000000000000
2 5 4 0.00000000000000000000 0.00000000000000000000 0.00000000000000000000
2 5 5 -0.06666666666666665186 -0.03333333333333332593 0.10000000000000000555
3 0 0 0.10000000000000000555 -0.06666666666666665186 -0.03333333333333332593
3 0 1 0.46666666666666672958 0.10000000000000000555 0.10000000000000000555
3 0 2 0.00000000000000000000 0.00000000000000000000 0.00000000000000000000
3 0 3 0.00000000000000000000 0.00000000000000000000 0.00000000000000000000
3 0 4 0.00000000000000000000 0.00000000000000000000 0.00000000000000000000
3 0 5 0.00000000000000000000 0.00000000000000000000 0.00000000000000000000
3 1 0 0.00000000000000000000 0.00000000000000000000 0.00000000000000000000
3 1 1 0.10000000000000000555 0.46666666666666672958 0.10000000000000000555
3 1 2 0.00000000000000000000 0.00000000000000000000 0.00000000000000000000
3 1 3 -0.06666666666666665186 0.10000000000000000555 -0.03333333333333332593
3 1 4 0.00000000000000000000 0.00000000000000000000 0.00000000000000000000
3 1 5 0.00000000000000000000 0.00000000000000000000 0.00000000000000000000
3 2 0 0.00000000000000000000 0.00000000000000000000 0.00000000000000000000
3 2 1 0.00000000000000000000 0.00000000000000000000 0.00000000000000000000
3 2 2 -0.03333333333333332593 -0.06666666666666665186 0.10000000000000000555
3 2 3 0.00000000000000000000 0.00000000000000000000 0.00000000000000000000
3 2 4 -0.06666666666666665186 -0.03333333333333332593 0.10000000000000000555
3 2 5 0.00000000000000000000 0.00000000000000000000 0.00000000000000000000
3 3 0 0.26666666666666666297 0.80000000000000004441 0.26666666666666666297
3 3 1 0.53333333333333332593 0.53333333333333332593 0.26666666666666666297
3 3 2 0.00000000000000000000 0.00000000000000000000 0.00000000000000000000
3 3 3 0.80000000000000004441 0.26666666666666666297 0.26666666666666666297
3 3 4 0.00000000000000000000 0.00000000000000000000 0.00000000000000000000
3 3 5 0.00000000000000000000 0.00000000000000000000 0.00000000000000000000
3 4 0 0.00000000000000000000 0.00000000000000000000 0.00000000000000000000
3 4 1 0.13333333333333333148 0.26666666666666666297 0.26666666666666666297
3 4 2 0.26666666666666666297 0.80000000000000004441 0.26666666666666666297
3 4 3 0.26666666666666666297 0.13333333333333333148 0.26666666666666666297
3 4 4 0.26666666666666666297 0.26666666666666666297 0.13333333333333333148
3 4 5 0.00000000000000000000 0.00000000000000000000 0.00000000000000000000
3 5 0 0.13333333333333333148 0.26666666666666666297 0.26666666666666666297
3 5 1 0.26666666666666666297 0.13333333333333333148 0.26666666666666666297
3 5 2 0.26666666666666666297 0.26666666666666666297 0.13333333333333333148
3 5 3 0.00000000000000000000 0.00000000000000000000 0.00000000000000000000
3 5 4 0.80000000000000004441 0.26666666666666666297 0.26666666666666666297
3 5 5 0.00000000000000000000 0.00000000000000000000 0.00000000000000000000
4 0 0 0.00000000000000000000 0.00000000000000000000 0.00000000000000000000
4 0 1 0.10000000000000000555 -0.03333333333333332593 -0.06666666666666665186
4 0 2 0.10000000000000000555 -0.06666666666666665186 -0.03333333333333332593
4 0 3 0.00000000000000000000 0.00000000000000000000 0.00000000000000000000
4 0 4 0.00000000000000000000 0.00000000000000000000 0.00000000000000000000
4 0 5 0.00000000000000000000 0.00000000000000000000 0.00000000000000000000
4 1 0 0.00000000000000000000 0.00000000000000000000 0.00000000000000000000
4 1 1 0.00000000000000000000 0.00000000000000000000 0.00000000000000000000
4 1 2 0.00000000000000000000 0.00000000000000000000 0.00000000000000000000
4 1 3 -0.03333333333333332593 0.10000000000000000555 -0.06666666666666665186
4 1 4 0.10000000000000000555 0.46666666666666672958 0.10000000000000000555
4 1 5 0.00000000000000000000 0.00000000000000000000 0.00000000000000000000
4 2 0 0.00000000000000000000 0.00000000000000000000 0.00000000000000000000
4 2 1 0.00000000000000000000 0.00000000000000000000 0.00000000000000000000
4 2 2 0.00000000000000000000 0.00000000000000000000 0.00000000000000000000
4 2 3 0.00000000000000000000 0.00000000000000000000 0.00000000000000000000
4 2 4 0.10000000000000000555 0.10000000000000000555 0.46666666666666672958
4 2 5 -0.03333333333333332593 -0.06666666666666665186 0.10000000000000000555
4 3 0 0.00000000000000000000 0.00000000000000000000 0.00000000000000000000
4 3 1 0.13333333333333333148 0.26666666666666666297 0.26666666666666666297
4 3 2 0.26666666666666666297 0.80000000000000004441 0.26666666666666666297
4 3 3 0.26666666666666666297 0.13333333333333333148 0.26666666666666666297
4 3 4 0.26666666666666666297 0.26666666666666666297 0.13333333333333333148
4 3 5 0.00000000000000000000 0.00000000000000000000 0.00000000000000000000
4 4 0 0.00000000000000000000 0.00000000000000000000 0.00000000000000000000
4 4 1 0.00000000000000000000 0.00000000000000000000 0.00000000000000000000
4 4 2 0.00000000000000000000 0.00000000000000000000 0.00000000000000000000
4 4 3 0.26666666666666666297 0.26666666666666666297 0.80000000000000004441
4 4 4 0.26666666666666666297 0.53333333333333332593 0.53333333333333332593
4 4 5 0.26666666666666666297 0.80000000000000004441 0.26666666666666666297
4 5 0 0.00000000000000000000 0.00000000000000000000 0.00000000000000000000
4 5 1 0.26666666666666666297 0.26666666666666666297 0.80000000000000004441
4 5 2 0.13333333333333333148 0.26666666666666666297 0.26666666666666666297
4 5 3 0.00000000000000000000 0.00000000000000000000 0.00000000000000000000
4 5 4 0.26666666666666666297 0.13333333333333333148 0.26666666666666666297
4 5 5 0.26666666666666666297 0.26666666666666666297 0.13333333333333333148
5 0 0 0.10000000000000000555 -0.03333333333333332593 -0.06666666666666665186
5 0 1 0.00000000000000000000 0.00000000000000000000 0.00000000000000000000
5 0 2 0.46666666666666672958 0.10000000000000000555 0.10000000000000000555
5 0 3 0.00000000000000000000 0.00000000000000000000 0.00000000000000000000
5 0 4 0.00000000000000000000 0.00000000000000000000 0.00000000000000000000
5 0 5 0.00000000000000000000 0.00000000000000000000 0.00000000000000000000
5 1 0 0.00000000000000000000 0.00000000000000000000 0.00000000000000000000
5 1 1 -0.03333333333333332593 0.10000000000000000555 -0.06666666666666665186
5 1 2 0.00000000000000000000 0.00000000000000000000 0.00000000000000000000
5 1 3 0.00000000000000000000 0.00000000000000000000 0.00000000000000000000
5 1 4 -0.06666666666666665186 0.10000000000000000555 -0.03333333333333332593
5 1 5 0.00000000000000000000 0.00000000000000000000 0.00000000000000000000
5 2 0 0.00000000000000000000 0.00000000000000000000 0.00000000000000000000
5 2 1 0.00000000000000000000 0.00000000000000000000 0.00000000000000000000
5 2 2 0.10000000000000000555 0.10000000000000000555 0.46666666666666672958
5 2 3 0.00000000000000000000 0.00000000000000000000 0.00000000000000000000
5 2 4 0.00000000000000000000 0.00000000000000000000 0.00000000000000000000
5 2 5 -0.06666666666666665186 -0.03333333333333332593 0.10000000000000000555
5 3 0 0.13333333333333333148 0.26666666666666666297 0.26666666666666666297
5 3 1 0.26666666666666666297 0.13333333333333333148 0.26666666666666666297
5 3 2 0.26666666666666666297 0.26666666666666666297 0.13333333333333333148
5 3 3 0.00000000000000000000 0.00000000000000000000 0.00000000000000000000
5 3 4 0.80000000000000004441 0.26666666666666666297 0.26666666666666666297
5 3 5 0.00000000000000000000 0.00000000000000000000 0.00000000000000000000
5 4 0 0.00000000000000000000 0.00000000000000000000 0.00000000000000000000
5 4 1 0.26666666666666666297 0.26666666666666666297 0.80000000000000004441
5 4 2 0.13333333333333333148 0.26666666666666666297 0.26666666666666666297
5 4 3 0.00000000000000000000 0.00000000000000000000 0.00000000000000000000
5 4 4 0.26666666666666666297 0.13333333333333333148 0.26666666666666666297
5 4 5 0.26666666666666666297 0.26666666666666666297 0.13333333333333333148
5 5 0 0.26666666666666666297 0.26666666666666666297 0.80000000000000004441
5 5 1 0.00000000000000000000 0.00000000000000000000 0.00000000000000000000
5 5 2 0.53333333333333332593 0.26666666666666666297 0.53333333333333332593
5 5 3 0.00000000000000000000 0.00000000000000000000 0.00000000000000000000
5 5 4 0.00000000000000000000 0.00000000000000000000 0.00000000000000000000
5 5 5 0.80000000000000004441 0.26666666666666666297 0.26666666666666666297
