0 0 0.01190476190476190410 0.00238095238095238290 0.00238095238095238290
0 1 -0.00158730158730158513 -0.00158730158730158513 0.00039682539682539715
0 2 -0.00158730158730158513 0.00039682539682539715 -0.00158730158730158513
0 3 0.00476190476190476580 -0.00317460317460317373 -0.00158730158730158687
0 4 -0.00158730158730158687 -0.00476190476190476233 -0.00476190476190476233
0 5 0.00476190476190476580 -0.00158730158730158687 -0.00317460317460317373
1 0 -0.00158730158730158513 -0.00158730158730158513 0.00039682539682539715
1 1 0.00238095238095238290 0.01190476190476190410 0.00238095238095238290
1 2 0.00039682539682539715 -0.00158730158730158513 -0.00158730158730158513
1 3 -0.00317460317460317373 0.00476190476190476580 -0.00158730158730158687
1 4 -0.00158730158730158687 0.00476190476190476580 -0.00317460317460317373
1 5 -0.00476190476190476233 -0.00158730158730158687 -0.00476190476190476233
2 0 -0.00158730158730158513 0.00039682539682539715 -0.00158730158730158513
2 1 0.00039682539682539715 -0.00158730158730158513 -0.00158730158730158513
2 2 0.00238095238095238290 0.00238095238095238290 0.01190476190476190410
2 3 -0.00476190476190476233 -0.00476190476190476233 -0.00158730158730158687
2 4 -0.00158730158730158687 -0.00317460317460317373 0.00476190476190476580
2 5 -0.00317460317460317373 -0.00158730158730158687 0.00476190476190476580
3 0 0.00476190476190476580 -0.00317460317460317373 -0.00158730158730158687
3 1 -0.00317460317460317373 0.00476190476190476580 -0.00158730158730158687
3 2 -0.00476190476190476233 -0.00476190476190476233 -0.00158730158730158687
3 3 0.03809523809523809867 0.03809523809523809867 0.01269841269841269840
3 4 0.01269841269841269840 0.01904761904761904934 0.01269841269841269840
3 5 0.01904761904761904934 0.01269841269841269840 0.01269841269841269840
4 0 -0.00158730158730158687 -0.00476190476190476233 -0.00476190476190476233
4 1 -0.00158730158730158687 0.00476190476190476580 -0.00317460317460317373
4 2 -0.00158730158730158687 -0.00317460317460317373 0.00476190476190476580
4 3 0.01269841269841269840 0.01904761904761904934 0.01269841269841269840
4 4 0.01269841269841269840 0.03809523809523809867 0.03809523809523809867
4 5 0.01269841269841269840 0.01269841269841269840 0.01904761904761904934
5 0 0.00476190476190476580 -0.00158730158730158687 -0.00317460317460317373
5 1 -0.00476190476190476233 -0.00158730158730158687 -0.00476190476190476233
5 2 -0.00317460317460317373 -0.00158730158730158687 0.00476190476190476580
5 3 0.01904761904761904934 0.01269841269841269840 0.01269841269841269840
5 4 0.01269841269841269840 0.01269841269841269840 0.01904761904761904934
5 5 0.03809523809523809867 0.01269841269841269840 0.03809523809523809867
